2985575939
2989724169
3045977610
2976416265
3056866317
2944577553
3017548821
3011495445
2956698649
3060050458
2992906267
2949416989
3015869981
2977761311
2966645283
2980114982
3038784555
3050753069
2989092911
3049442864
3057183795
2931849781
2956589624
2992246329
3038885435
2940560446
3046728769
2948508230
3021857870
2942205008
2950862418
2987187287
2976932956
3054462563
2945420902
2930647145
3033969258
2958201455
2995038322
2943341687
3060078713
2957250682
2940665467
2992671877
3034371066
2963113106
2925809811
3038211732
2930799254
2951741080
3048024729
2951792285
2944468126
2975646879
3012871333
3009454757
2970019496
3042351280
3011435698
2927507634
3011796148
2930662581
2944515254
2993569461
3017428152
2970103481
3022120639
2966154948
3056823493
2948434629
3049193671
3011228873
2968229066
3044623063
2988982488
2983020760
2957255896
3063995104
2981535969
2974577376
3012817124
3012793574
2992854767
3056981744
2971721458
2970357499
2944861438
2950262017
3048078595
2976516357
3053547784
3045278475
2978569485
3054814481
3054749977
2978516253
2957980445
2977885481
3053786924
2982431021
2952975156
2967175992
3058337082
2966593852
3043020094
2989919038
2925214016
3043247425
2955030851
2929114436
3055597893
2929317699
3062243655
3044691780
3062320970
2995349841
2971007323
2992465246
2995572064
3054684002
2986732899
3009012070
2967345511
2970379117
3015151984
2985516401
2967239026
2945429876
3050695540
2989878132
2929387903
2994046848
2926533515
2931795852
3059541391
2968100756
3011213717
2994013077
2962067352
2995492763
3059502492
2966590881
2929231266
3034511265
2970959270
3060172204
2931485103
2926348209
3010821560
2934571960
2943525818
3013077949
2994119614
2942877633
3031274434
2995782595
2983091652
3011536840
3049513939
2979493334
2972406746
2948578267
2948131803
2966943709
3056737758
2989816803
3010699751
2971783146
3043963373
2926286325
2951133173
2973146103
3009220089
2950598138
2977953789
