78278657
45459459
80107524
27535365
28008452
24373251
55517192
34080777
82450443
31809547
56952845
47259662
38588436
38389783
70187034
54517788
24588317
20072484
58112038
27476007
44507189
45963319
69027896
20916283
77510717
69468221
70279231
75530305
46108738
54157380
39569482
39604299
49129553
66132051
92287061
62459990
31639641
19957850
42117209
82131037
51994718
22407263
23838815
21258337
40144993
78528613
71219302
75647079
88367208
25213031
50636905
52238448
25882737
83648626
19386484
40015988
51746936
19374200
19966073
34078843
19169401
43749578
29700223
58714240
42025090
43948163
71469187
24547462
47478919
83406982
70967438
19925134
36978833
40229010
53377174
67840151
37218457
66979994
38369435
37963935
40061088
58089635
71129252
52119719
31920296
47306921
31715500
20836528
45318320
48539832
31936697
22210745
58683576
33571002
34525369
24588479
37198016
43534529
21653696
52275395
51790020
22362308
37898438
90460359
62820550
88588485
70867143
25290955
291020
50792653
52052173
23527631
72110288
29888715
37527756
42926289
44257490
61208790
70637783
58056923
33749216
81397985
88447203
26151146
19843309
86556909
92449012
52009205
25956598
28926199
48638198
41881848
27889917
20494590
43135229
91177221
75562283
72718604
23234828
31019281
64428305
30359827
40472849
37009687
40134935
44720409
58562843
35008796
76499232
20891936
68057378
70596901
73449765
35889447
31271206
24353065
75637034
92680490
77676845
60578094
19050798
44583215
88480046
22245678
23380273
32989492
31967541
56418614
25491767
21547313
38678840
84361534
57817406
76558655
20425025
68968771
66703684
46037316
36940102
65358154
50618699
59617612
45963597
28254543
30499152
21375313
42910035
29864281
26368345
69038427
65534299
69257561
23863646
79278430
56308059
46760287
84887099
28186980
37892452
72378726
44829031
51421544
94767460
27341164
43022704
37796209
20625778
36712819
32268658
29954420
31287671
86387066
19972476
23646590
61643137
44335491
19403140
19884421
21690765
24574350
60969360
78350737
32559505
23038358
73931158
28975513
31060378
39563675
53137821
23024029
53801373
19376551
31599016
20650407
34836906
71221674
71440812
29047208
84908459
79487407
56727983
38707633
83517865
79221171
53868980
20718005
31728054
51007928
79419832
72698299
37736893
25889215
49453504
19278272
35467714
54010307
92369345
43655617
20140486
88668615
77431240
75209156
52339146
33350087
62087630
86329806
46318031
83657170
23189253
22512084
22534614
19065304
24386010
74418651
49492445
240095
41583071
77580773
24504807
52867562
30130666
19036657
21477874
30384628
24422901
87157238
21826039
43264504
51675641
19937785
33606138
52539900
82110969
31834622
24500735
20867584
20431358
73540094
60299777
30075391
53252605
89238025
52412938
46393867
72657419
22123022
20130319
32240144
51991057
86342162
57707027
25534993
24316438
68780569
50821657
36131353
25510428
61717021
38488605
33126943
80738847
38464032
24267298
57238051
43010596
20228644
50936354
35588646
20308521
61878825
44534317
40084014
94603822
73779759
58397232
75559479
23118392
46858808
65319482
27017787
44294717
21877311
27535936
41910847
36307522
89328195
30761537
81404485
27839050
72872522
83040843
78037581
33759823
61968976
41519696
37081683
46027348
20453973
34030166
42898007
44399193
38836826
28516955
41519708
73910882
19010148
51898981
28818022
79530599
40469095
61848169
84558437
28820076
25606765
34937454
51808879
29389421
21789297
22598260
74928757
379510
66361975
52183673
91486842
24889977
61899391
58163839
51913350
38656648
20675209
27718280
36868744
67834508
82621064
77898382
46289550
29393553
60361364
56597141
61231765
51530388
92457623
57803421
61788830
40680096
67517088
46088866
79979170
43971238
20351655
39574184
40260265
91517610
20814506
67670700
76806829
18997933
30460584
20310706
19151540
22332087
28854969
52654777
42676924
20781756
86059710
83059392
29786816
76098240
18981571
89227973
36168390
79639239
67510988
32731854
19725006
57879248
42162900
19864277
85490390
64008922
76720859
29606619
37722846
31062750
48937697
40348386
67717859
43021029
56701671
24265448
56879849
71107303
21758699
46858988
46301933
70138604
48507631
66857709
67054319
42287853
33018611
56879860
44829431
35150584
49197821
27296510
61051646
22991616
45783811
56027908
69077765
25189127
52484874
78689034
57959178
82060046
41544465
22883089
73847572
75617044
83020566
49005338
33889050
19280669
92730142
49416993
25178913
44227364
50617124
63984421
58364711
21367592
20540201
61287210
40731434
39998250
42918697
29901614
56449838
70728495
33577773
35017519
31007541
29178680
56922936
33368888
25223993
29346620
40520514
91030338
68805445
80200519
75037513
32367435
35846988
65237838
53979983
24736596
21543764
82357082
53807967
70910815
53166947
79938405
19026796
72377197
74957680
35011440
89287538
26205043
30978934
24877942
67347320
67550074
40158078
85670786
78287747
66569092
27462531
19413894
58487687
30505863
43805575
27136906
42185605
44589970
42064786
20677524
43269012
40070039
36068247
25152409
24046489
44778395
37645212
23116703
25932706
71398309
45796266
37673898
75637677
20685741
19028916
67816374
23165879
40205239
42064825
20061114
21781431
57179070
24136638
43811778
35800003
73739205
21015493
38650823
27859910
26160073
20861898
82521033
66724812
42218441
28677062
21830607
43842511
35453905
23542737
44846031
22508500
37671890
59767764
58514393
19297241
44698588
31063005
44721118
35869664
24409058
40510436
36039655
78197736
21298157
70597614
50469876
41683961
20284409
35847165
39699454
84188159
87997437
51858433
42249217
80296963
67689476
66173957
85447684
32648200
83608585
52573194
82328587
20403214
45308942
20947985
45886482
43240467
50740244
51127318
33602583
57912346
84012059
33037338
85158941
41237534
24900641
29324322
33967138
38671396
20722724
26194982
88177703
36869160
47479849
24675371
30608428
51518511
60701743
40129585
47307829
51850294
18998327
50426939
41593916
27065403
27452479
20517954
86588483
50828356
82490438
35552326
28970057
28249164
42110029
41575505
21656657
88829012
50517076
77538393
27606106
21189723
48962651
52042846
25517150
38736990
27395169
20726881
57791587
37538916
60908645
28148839
41593959
38519911
72668266
20034668
46312559
19135602
40758387
30405748
46926963
57842806
58553463
36367477
138361
20710521
29289593
20354170
30129277
40096893
19743862
39527553
43834499
46331013
70667398
37848199
67531915
47330444
23030925
39369873
35521683
37739669
40137880
56997018
24591519
42052769
31650978
67378339
29664417
87817381
85597350
42788007
23837863
19033257
26500266
29871277
24360109
35792047
32265392
19862705
44278957
80757936
64099503
23585973
53748918
35378361
63863995
38018236
21161148
31106240
19160257
50859200
22142144
21429447
23049415
38583498
27555019
40727756
26154189
324818
71931092
45837534
88009954
20751588
65631461
61492454
40045800
46363881
70978794
35028206
19318002
30534899
20784374
35112184
19111160
24628476
22738173
61324542
23338240
33664259
63687941
39947526
38067465
22977803
50838796
20507918
81437977
92542238
34520352
71849251
61383971
39998756
81268005
56939812
44137766
36617513
43822378
32361771
76780844
88896813
24497454
48528687
24433968
20284721
37698866
70429996
37279028
20065589
52241718
19133751
25541943
28374325
40592690
76832061
50459966
43175230
47527233
19832129
90776898
88589636
21224773
40590662
29091144
32677192
27800906
42925386
33938763
44649809
38657362
19420498
30113108
36803925
87207249
30360919
92278104
22703449
76827594
65238363
54007131
51791198
50924894
50763105
81501538
44291427
90258787
78187877
43562345
92198250
77290859
33887596
52764014
60661107
36640115
19074424
50752889
64349561
82257274
63651196
38626683
71968127
75322751
90490242
19600774
87197064
29119881
64517515
75617676
23256459
51682702
19010961
43822481
27911570
70469012
33645973
22265238
76866965
21419414
53878172
21980574
59049374
31147424
80709025
79048095
46310821
71050666
72832428
52170157
50488750
42976687
62786992
146866
26267058
61642164
44258741
21589428
51637687
23608761
65101243
81333692
56987071
39673283
35093955
28024261
22506950
20471237
92067272
64198084
25277898
22351307
28292558
68851151
30709198
20248017
34307538
43861460
23821792
79676896
61742562
19791332
56896997
44498406
58377700
31559144
22707689
62119408
61515252
57746933
94776823
85851639
25824765
19453440
58660354
32828931
32620042
52170251
86588940
76797453
70192653
40838670
75339280
82347537
35096080
23764499
28286482
40056341
56882707
36929047
38657555
41700890
39982619
335387
32427549
40650270
19625507
41678371
28370468
57247269
29345318
32359978
76992043
86787626
53978669
46841391
48807473
42964530
30475825
71999028
40064565
31782456
82841146
52409915
35139132
24557117
32988733
40148542
68650560
42667581
72121922
21661245
36167235
67823174
49688136
20072009
32265802
83596875
68859468
35319371
41600590
19342926
38258253
58009165
41721428
40691284
61118036
31028823
35692116
28448345
22734426
27668059
68703836
55817819
76428892
65529403
38555230
75656801
42092130
77217380
19119716
61011562
23850604
32079472
72349297
40689264
63993459
22933104
88948341
39536245
44258935
45880951
20248185
75167355
40603261
38481533
69981823
49208957
44887681
61558402
53798531
58492544
24508035
33418886
35499655
37944966
19529353
57736842
70010508
20625041
78339731
72527509
64507541
62488215
47416983
68769429
40126106
60878491
36079253
22775458
52369060
23047848
91717291
73619116
37750446
80250543
27352753
23203506
77870771
44119731
21733044
55287476
49698487
29384380
30506686
20385472
27354818
38577859
25167556
38627012
81235654
60933834
50278092
40083157
42489558
71300822
61120219
21524188
76797661
76967646
35221214
38249764
34027230
19031778
27055842
79247079
37439209
37596905
86771439
44785393
53970673
51973877
76838645
55627514
20500224
49530627
21550851
45987589
23951110
23510791
44887816
44418825
88047368
85628681
43163404
70221581
91758349
20537102
70240011
61656847
52350739
34989848
53708568
21024538
70897435
50939678
20053791
48863008
77907746
31518499
52016931
19930918
20283175
27987754
64196395
35086125
36878125
81485615
36900658
19593011
72240951
88127289
58453818
58519354
65529664
53931843
43036485
40501062
34580293
42221381
20285257
62820165
27094859
90918732
77987663
42667856
76959568
37803856
44701523
34484051
88049498
41754459
83586908
87607133
35030875
23478114
87607139
39567204
48670562
44916582
33666918
40267618
21962597
48908142
52041582
27613041
76269425
58154868
50607990
61112183
61691767
20559735
86298487
45999995
81506172
26240893
70432637
55107452
52684670
23723905
22441857
95876995
62427011
86931333
56659841
49291139
39327618
51007369
77801355
21344140
85227407
19955601
72730514
51705847
67497876
21604247
74338201
50386842
30455709
19181470
41910175
73490338
49502115
89897463
62883749
61478821
32921510
71280550
41879465
27576233
20772778
75646890
46743470
31051698
45961140
61032373
239543
32317369
40490938
56967100
42123197
58417086
92420031
27090880
24199103
33091518
25612223
19566526
50913221
44138438
20207555
37730240
37982146
60360652
43605968
82118609
40652759
31823833
88958940
79939552
88387552
93829090
82720738
26298340
36268004
29511651
21850087
23570401
64319468
42135533
84000750
54177775
19554284
25948145
29718514
43132917
22712310
74168310
52109306
46292987
68843516
50972669
21950462
20539391
